univariate_MSE_weight: [0.9998974016653394, 0.999822403863154, 0.9997749568405185, 0.9997319339818639, 0.9998703298294139, 0.9997613251149742, 0.9997682566397076, 0.9998702870532087]
univariate_MSE_bias: [1.613764601161951e-07, 4.595887466263072e-06, 5.175364157182287e-06, 6.691448979176501e-06, 4.905607301102762e-07, 2.3556811424741074e-06, 6.071760599476966e-07, 2.832551642097635e-06]