univariate_MAE_weight: [0.9812162425495966, 0.976735955172912, 0.9683608220798593, 0.9654798765016425, 0.981411185739228, 0.9685366116802645, 0.9704605507039799, 0.9916095492664407]
univariate_MAE_bias: [-0.0001224466666666848, 0.0030265177777808175, -0.0008983799999996374, -0.005477377777777133, 0.0004162355555552732, -0.0023419822222225284, -0.002574177777777569, -0.0006504711111111847]