univariate_MSE_weight: [0.9520934712983786, 0.9176837217986327, 0.8936105663080662, 0.8795376158998108, 0.9387112416709944, 0.8888596117034919, 0.8892275488853777, 0.9366690615133254]
univariate_MSE_bias: [0.0015659900701958278, -0.0008816858354861194, 0.0010715519138751338, 0.0013774359342160819, -0.00018942133422207138, 0.0008592209669555838, 0.0012883275775861132, 0.0005864827742454941]