UNI:
For testdataset:
univariate_MSE_r2: [0.9089851731668398, 0.9126902861932974, 0.8923644123508677, 0.6136089715670525, 0.9253160546580111, 0.4067570006601877, 0.5615729694179292, 0.9158859218089889]
univariate_MAE_r2: [0.9094485108292016, 0.9131555822843964, 0.8926926345309353, 0.6131969190709486, 0.9258053270467382, 0.4061632395697037, 0.5611374816531837, 0.9174499330009402]
For traindataset:
univariate_MSE_r2: [0.9594750663580373, 0.9609135586197037, 0.9532442568946882, 0.8322886517124832, 0.9708116986098032, 0.7646194878668394, 0.8156639300369722, 0.9637444240185513]
univariate_MAE_r2: [0.9597090292836538, 0.9610912089525238, 0.9533509324333024, 0.8319996404394678, 0.9709726218899062, 0.7641287073044003, 0.8153511600687826, 0.9642545395859325]
MULTI:
multivariate_MAE_r2: 0.9653138336491004
multivariate_MSE_r2: 0.9653138336491004