univariate_MAE_weight: [0.9949205336499752, 0.9987598122507764, 0.9910656371901665, 0.9888368152631499, 1.0036598927884597, 0.9875712220092533, 0.9906346673337489, 1.0025217930544503]
univariate_MAE_bias: [0.0021374621359222063, 0.027958840776700824, 0.01519854563106927, -0.011902295145630038, 0.0346003922330139, -0.010207761165044986, -0.007285310679612326, 0.04449364077672394]