univariate_MSE_weight: [0.3000000005651292, 0.30000000016763523, 0.29999999855830894, 0.30000000073702265, 0.3000000004827702, 0.3000000001709855, 0.2999999998887034, 0.30000000030840895]
univariate_MSE_bias: [0.2000000035170019, 0.200000004426752, 0.19999999832637705, 0.20000000263673512, 0.20000000375487975, 0.20000000028650272, 0.19999999983093433, 0.20000000415781014]