univariate_MAE_weight: [0.9999999961164653, 0.9999999950769034, 0.9999999935725697, 0.9999999929904956, 0.999999996087431, 0.9999999937141407, 0.99999999399844, 0.9999999983557571]
univariate_MAE_bias: [0.0, 7.4074074074e-10, -4.4893378226711114e-11, -9.4276094276e-10, 2.2446689113333336e-11, -4.0404040404e-10, -6.958473625133333e-10, -6.734006733999999e-11]