univariate_MSE_weight: [0.08620876226522682, 0.03974188695222996, -0.02739650576701871, 0.11788954886365752, 1.0266334947793057, 0.025988519763775884, 0.03236554998978772, 0.08715470186556995]
univariate_MSE_bias: [11.321640015889248, 31.508798076392775, 37.28656367265869, 13.548748566522512, 29.433758443106793, 10.151808784984649, 10.22255241807047, 31.822355458598505]